-1.479371749312070000e+16
-5.406662371834879751e+22
-5.411231707409260164e+22
-5.415801042983659871e+22
-5.420370378558050350e+22
-5.424939714132439990e+22
-5.429509049706820403e+22
-5.434078385281210044e+22
-5.438647720855599684e+22
-5.443217056429980097e+22
-5.447786392004389870e+22
-5.452355727578780349e+22
-5.456925063153159923e+22
-5.461494398727550403e+22
-5.466063734301940043e+22
-5.470633069876339750e+22
-5.475202405450720163e+22
-5.479771741025119869e+22
-5.484341076599510349e+22
-5.488910412173899989e+22
-5.493479747748299696e+22
-5.498049083322690175e+22
-5.502618418897089882e+22
-5.507187754471440096e+22
-5.511757090045809603e+22
-5.516326425620230282e+22
-5.520895761194619922e+22
-5.525465096769019629e+22
-5.530034432343430241e+22
-5.534603767917799748e+22
-5.539173103492200294e+22
-5.543742439066569802e+22
-5.548311774640980414e+22
-5.552881110215380120e+22
-5.557450445789769761e+22
-5.562019781364189600e+22
-5.566589116938580079e+22
-5.571158452512969720e+22
-5.575727788087370265e+22
-5.580297123661759906e+22
-5.584866459236110120e+22
-5.589435794810509826e+22
-5.594005130384900306e+22
-5.598574465959340278e+22
-5.603143801533689653e+22
-5.607713137108090198e+22
-5.612282472682520104e+22
-5.616851808256870318e+22
-5.621421143831270025e+22
-5.625990479405620239e+22
-5.630559814980009879e+22
-5.635129150554409586e+22
-5.639698486128800065e+22
-5.644267821703199772e+22
-5.648837157277590251e+22
-5.653406492851979892e+22
-5.657975828426379598e+22
-5.662545164000770077e+22
-5.667114499575120291e+22
-5.671683835149519998e+22
-5.676253170723949904e+22
-5.680822506298310184e+22
-5.685391841872699825e+22
-5.689961177447090304e+22
-5.694530513021490011e+22
-5.699099848595840224e+22
-5.703669184170229865e+22
-5.708238519744630410e+22
-5.712807855319060316e+22
-5.717377190893460023e+22
-5.721946526467849663e+22
-5.726515862042250209e+22
-5.731085197616639849e+22
-5.735654533191030329e+22
-5.740223868765430035e+22
-5.744793204339819676e+22
-5.749362539914220221e+22
-5.753931875488690392e+22
-5.758501211063090099e+22
-5.763070546637479739e+22
-5.767639882211870219e+22
-5.772209217786269925e+22
-5.776778553360660405e+22
-5.781347888935060111e+22
-5.785917224509449752e+22
-5.790486560083929989e+22
-5.795055895658239938e+22
-5.799625231232549886e+22
-5.804194566806940366e+22
-5.808763902381419764e+22
-5.813333237955729713e+22
-5.817902573530039661e+22
-5.822471909104440207e+22
-5.827041244678750156e+22
-5.831610580253220327e+22
-5.836179915827620033e+22
-5.840749251401929982e+22
-5.845318586976410219e+22
-5.849887922550799860e+22
-5.854457258125190339e+22
-5.859026593699590046e+22
-5.863595929273979686e+22
-5.868165264848380232e+22
-5.872734600422690180e+22
-5.877303935997079821e+22
-5.881873271571470300e+22
-5.886442607145949698e+22
-5.891011942720259647e+22
-5.895581278294569596e+22
-5.900150613868970141e+22
-5.904719949443359782e+22
-5.909289285017760327e+22
-5.913858620592149968e+22
-5.918427956166459916e+22
-5.922997291740769865e+22
-5.927566627315160344e+22
-5.932135962889560051e+22
-5.936705298463949691e+22
-5.941274634038429929e+22
-5.945843969612910166e+22
-5.950413305187299806e+22
-5.954982640761700352e+22
-5.959551976336089992e+22
-5.964121311910479633e+22
-5.968690647484880178e+22
-5.973259983059360416e+22
-5.977829318633750056e+22
-5.982398654208060005e+22
-5.986967989782540242e+22
-5.991537325356929883e+22
-5.996106660931239831e+22
-6.000675996505640377e+22
-6.005245332080030017e+22
-6.009814667654419658e+22
-6.014384003228649914e+22
-6.018953338803040394e+22
-6.023522674377440100e+22
-6.028092009952000029e+22
-6.032661345526230286e+22
-6.037230681100619927e+22
-6.041800016675019633e+22
-6.046369352249410113e+22
-6.050938687823799753e+22
-6.055508023398200299e+22
-6.060077358972419650e+22
-6.064646694546820196e+22
-6.069216030121209836e+22
-6.073785365695610382e+22
-6.078354701270170311e+22
-6.082924036844389663e+22
-6.087493372418790208e+22
-6.092062707993019626e+22
-6.096632043567410106e+22
-6.101201379141640362e+22
-6.105770714716200292e+22
-6.110340050290429710e+22
-6.114909385864989639e+22
-6.119478721439209829e+22
-6.124048057013610375e+22
-6.128617392588000015e+22
-6.133186728162559944e+22
-6.137756063736959651e+22
-6.142325399311350130e+22
-6.146894734885910059e+22
-6.151464070460309766e+22
-6.156033406034529957e+22
-6.160602741608929663e+22
-6.165172077183320143e+22
-6.169741412757880072e+22
-6.174310748332269712e+22
-6.178880083906670258e+22
-6.183449419481059898e+22
-6.188018755055290155e+22
-6.192588090629679795e+22
-6.197157426204080341e+22
-6.201726761778299693e+22
-6.206296097352529949e+22
-6.210865432927089879e+22
-6.215434768501320135e+22
-6.220004104075709776e+22
-6.224573439650110321e+22
-6.229142775224499962e+22
-6.233712110798899669e+22
-6.238281446373290148e+22
-6.242850781947850077e+22
-6.247420117522080334e+22
-6.251989453096469974e+22
-6.256558788671029903e+22
-6.261128124245429610e+22
-6.265697459819820089e+22
-6.270266795394209730e+22
-6.274836130968779725e+22
-6.279405466542999916e+22
-6.283974802117559845e+22
-6.288544137691960390e+22
-6.293113473266350031e+22
-6.297682808840749738e+22
-6.302252144415140217e+22
-6.306821479989529857e+22
0.000000000000000000e+00
