-4.611858525266229844e+04
-4.615759444610289938e+04
-4.619660363954339846e+04
-4.623561283298399940e+04
-4.627462202642460034e+04
-4.631363121986520127e+04
-4.635264041330570035e+04
-4.639164960674630129e+04
-4.643065880018690223e+04
-4.646966799362740130e+04
-4.650867718706819869e+04
-4.654768638050879963e+04
-4.658669557394919684e+04
-4.662570476738979778e+04
-4.666471396083050058e+04
-4.670372315427110152e+04
-4.674273234771160060e+04
-4.678174154115220153e+04
-4.682075073459280247e+04
-4.685975992803349800e+04
-4.689876912147409894e+04
-4.693777831491469988e+04
-4.697678750835530082e+04
-4.701579670179560344e+04
-4.705480589523600065e+04
-4.709381508867679804e+04
-4.713282428211739898e+04
-4.717183347555810178e+04
-4.721084266899889917e+04
-4.724985186243929638e+04
-4.728886105587989732e+04
-4.732787024932039640e+04
-4.736687944276120106e+04
-4.740588863620180200e+04
-4.744489782964240294e+04
-4.748390702308320033e+04
-4.752291621652380127e+04
-4.756192540996440221e+04
-4.760093460340509773e+04
-4.763994379684569867e+04
-4.767895299028589943e+04
-4.771796218372660223e+04
-4.775697137716720317e+04
-4.779598057060819701e+04
-4.783498976404839777e+04
-4.787399895748910058e+04
-4.791300815092999983e+04
-4.795201734437030245e+04
-4.799102653781090339e+04
-4.803003573125119874e+04
-4.806904492469179968e+04
-4.810805411813240062e+04
-4.814706331157300156e+04
-4.818607250501369708e+04
-4.822508169845429802e+04
-4.826409089189489896e+04
-4.830310008533549990e+04
-4.834210927877610084e+04
-4.838111847221640346e+04
-4.842012766565699712e+04
-4.845913685909799824e+04
-4.849814605253830086e+04
-4.853715524597890180e+04
-4.857616443941950274e+04
-4.861517363286009640e+04
-4.865418282630039903e+04
-4.869319201974099997e+04
-4.873220121318160091e+04
-4.877121040662260202e+04
-4.881021960006320296e+04
-4.884922879350379662e+04
-4.888823798694449943e+04
-4.892724718038510036e+04
-4.896625637382570130e+04
-4.900526556726630224e+04
-4.904427476070690318e+04
-4.908328395414759871e+04
-4.912229314758889814e+04
-4.916130234102949908e+04
-4.920031153447010001e+04
-4.923932072791070095e+04
-4.927832992135139648e+04
-4.931733911479199742e+04
-4.935634830823259836e+04
-4.939535750167319929e+04
-4.943436669511460059e+04
-4.947337588855450304e+04
-4.951238508199439821e+04
-4.955139427543499914e+04
-4.959040346887629858e+04
-4.962941266231620102e+04
-4.966842185575619806e+04
-4.970743104919679899e+04
-4.974644024263670144e+04
-4.978544943607800087e+04
-4.982445862951860181e+04
-4.986346782295849698e+04
-4.990247701639989828e+04
-4.994148620984049921e+04
-4.998049540328110015e+04
-5.001950459672170109e+04
-5.005851379016230203e+04
-5.009752298360299756e+04
-5.013653217704290000e+04
-5.017554137048350094e+04
-5.021455056392410188e+04
-5.025355975736540131e+04
-5.029256895080539834e+04
-5.033157814424530079e+04
-5.037058733768590173e+04
-5.040959653112650267e+04
-5.044860572456710361e+04
-5.048761491800779913e+04
-5.052662411144770158e+04
-5.056563330488759675e+04
-5.060464249832819769e+04
-5.064365169176879863e+04
-5.068266088520939957e+04
-5.072167007865080086e+04
-5.076067927209210029e+04
-5.079968846553270123e+04
-5.083869765897330217e+04
-5.087770685241399769e+04
-5.091671604585459863e+04
-5.095572523929519957e+04
-5.099473443273649900e+04
-5.103374362617709994e+04
-5.107275281961700239e+04
-5.111176201305839641e+04
-5.115077120649899734e+04
-5.118978039993889979e+04
-5.122878959337950073e+04
-5.126779878682010167e+04
-5.130680798026079719e+04
-5.134581717370000115e+04
-5.138482636714060209e+04
-5.142383556058120303e+04
-5.146284475402320095e+04
-5.150185394746249949e+04
-5.154086314090310043e+04
-5.157987233434370137e+04
-5.161888152778430231e+04
-5.165789072122490325e+04
-5.169689991466559877e+04
-5.173590910810470086e+04
-5.177491830154539639e+04
-5.181392749498599733e+04
-5.185293668842659827e+04
-5.189194588186869805e+04
-5.193095507530780014e+04
-5.196996426874850295e+04
-5.200897346218769962e+04
-5.204798265562830056e+04
-5.208699184906749724e+04
-5.212600104250950244e+04
-5.216501023594869912e+04
-5.220401942939079890e+04
-5.224302862283000286e+04
-5.228203781627059652e+04
-5.232104700971119746e+04
-5.236005620315320266e+04
-5.239906539659389819e+04
-5.243807459003449912e+04
-5.247708378347649705e+04
-5.251609297691719985e+04
-5.255510217035630194e+04
-5.259411136379699747e+04
-5.263312055723759840e+04
-5.267212975067960360e+04
-5.271113894412029913e+04
-5.275014813756090007e+04
-5.278915733100150101e+04
-5.282816652444069769e+04
-5.286717571788129862e+04
-5.290618491132189956e+04
-5.294519410476110352e+04
-5.298420329820030020e+04
-5.302321249164239998e+04
-5.306222168508159666e+04
-5.310123087852219760e+04
-5.314024007196279854e+04
-5.317924926540339948e+04
-5.321825845884400042e+04
-5.325726765228470322e+04
-5.329627684572670114e+04
-5.333528603916589782e+04
-5.337429523260649876e+04
-5.341330442604859854e+04
-5.345231361948919948e+04
-5.349132281292980042e+04
-5.353033200637040136e+04
-5.356934119981250115e+04
-5.360835039325169782e+04
-5.364735958669370302e+04
-5.368636878013429668e+04
-5.372537797357499949e+04
-5.376438716701560043e+04
-5.380339636045620136e+04
-5.384240555389680230e+04
-5.388141474733599898e+04
