6.152899437980713323e+06
3.226565941784752197e+11
1.611114072105493652e+12
4.969319240901689453e+12
1.168212131605149609e+13
2.272131020955050391e+13
3.832095832871435156e+13
5.791116649806629688e+13
8.041976039714687500e+13
1.046976821339491406e+14
1.298196260712894844e+14
1.551798045016983438e+14
1.804451829682031250e+14
2.054613642626804688e+14
2.301707609040911250e+14
2.545606074479505625e+14
2.786359774389655938e+14
3.024078130921236250e+14
3.258882942748281250e+14
3.490892790191515625e+14
3.720218717871815625e+14
3.946963582132041250e+14
4.171222434634198125e+14
4.393083132188560625e+14
4.612626950949633125e+14
4.829929153787365000e+14
5.045059504159716250e+14
5.258082729940726875e+14
5.469058942303581250e+14
5.678044014546196250e+14
5.885089925219541250e+14
6.090245069395567500e+14
6.293554541448652500e+14
6.495060392321526250e+14
6.694801863896753750e+14
6.892815602791193750e+14
7.089135855626590000e+14
7.283794647598078750e+14
7.476821945960841250e+14
7.668245809877828750e+14
7.858092527916293750e+14
8.046386744343985000e+14
8.233151575255153750e+14
8.418408715450175000e+14
8.602178536898368750e+14
8.784480179530096250e+14
8.965331635029307500e+14
9.144749824233557500e+14
9.322750668687413750e+14
9.499349156844897500e+14
9.674559405368373750e+14
9.848394715930032500e+14
1.002086762788447375e+15
1.019198996714710125e+15
1.036177289158323000e+15
1.053022693318444125e+15
1.069736203728590750e+15
1.086318759905475125e+15
1.102771249746040375e+15
1.119094512691946000e+15
1.135289342679164000e+15
1.151356490888787500e+15
1.167296668313923750e+15
1.183110548156166250e+15
1.198798768064258000e+15
1.214361932226261750e+15
1.229800613325928250e+15
1.245115354372862500e+15
1.260306670415534000e+15
1.275375050145293000e+15
1.290320957399060250e+15
1.305144832567720250e+15
1.319847093916676000e+15
1.334428138824598000e+15
1.348888344945901000e+15
1.363228071302102000e+15
1.377447659306841250e+15
1.391547433728894500e+15
1.405527703597413250e+15
1.419388763053061000e+15
1.433130892148618500e+15
1.446754357602331250e+15
1.460259413507063250e+15
1.473646301998080000e+15
1.486915253882033500e+15
1.500066489229695500e+15
1.513100217934654750e+15
1.526016640240134000e+15
1.538815947235900000e+15
1.551498321327117000e+15
1.564063936676831500e+15
1.576512959623829250e+15
1.588845549077143500e+15
1.601061856888844250e+15
1.613162028206313000e+15
1.625146201805178250e+15
1.637014510404171500e+15
1.648767080962954250e+15
1.660404034963800750e+15
1.671925488678300750e+15
1.683331553419695000e+15
1.694622335781894000e+15
1.705797937865882500e+15
1.716858457494125250e+15
1.727803988413857000e+15
1.738634620489724250e+15
1.749350439886470750e+15
1.759951529242185750e+15
1.770437967832672500e+15
1.780809831727413750e+15
1.791067193937610000e+15
1.801210124556747750e+15
1.811238690894042500e+15
1.821152957601249500e+15
1.830952986793129750e+15
1.840638838161921250e+15
1.850210569086163500e+15
1.859668234734205250e+15
1.869011888162582500e+15
1.878241580409663500e+15
1.887357360584743250e+15
1.896359275952818500e+15
1.905247372015297000e+15
1.914021692586884750e+15
1.922682279868800500e+15
1.931229174518494250e+15
1.939662415716122250e+15
1.947982041227908750e+15
1.956188087466515250e+15
1.964280589548667500e+15
1.972259581350060000e+15
1.980125095557795500e+15
1.987877163720377500e+15
1.995515816295467500e+15
2.003041082695496250e+15
2.010452991331131750e+15
2.017751569652912000e+15
2.024936844190990500e+15
2.032008840593054000e+15
2.038967583660693750e+15
2.045813097384065750e+15
2.052545404975113500e+15
2.059164528899335500e+15
2.065670490906150500e+15
2.072063312058042750e+15
2.078343012758383250e+15
2.084509612778120500e+15
2.090563131281342500e+15
2.096503586849772500e+15
2.102330997506225250e+15
2.108045380737162750e+15
2.113646753514240250e+15
2.119135132315065750e+15
2.124510533143034750e+15
2.129772971546445750e+15
2.134922462636833000e+15
2.139959021106556000e+15
2.144882661245733250e+15
2.149693396958495250e+15
2.154391241778677750e+15
2.158976208884806250e+15
2.163448311114620000e+15
2.167807560978997750e+15
2.172053970675449750e+15
2.176187552100995750e+15
2.180208316864677750e+15
2.184116276299570750e+15
2.187911441474468250e+15
2.191593823205028250e+15
2.195163432064641000e+15
2.198620278394861000e+15
2.201964372315624750e+15
2.205195723734946250e+15
2.208314342358437750e+15
2.211320237698541250e+15
2.214213419083338500e+15
2.216993895665325250e+15
2.219661676429679250e+15
2.222216770202456250e+15
2.224659185658533500e+15
2.226988931329279500e+15
2.229206015610057000e+15
2.231310446767551000e+15
2.233302232946905000e+15
2.235181382178656500e+15
2.236947902385582000e+15
2.238601801389269250e+15
2.240143086916752250e+15
2.241571766606749000e+15
2.242887848016075000e+15
2.244091338625652500e+15
2.245182245846659750e+15
2.246160577026453000e+15
2.247026339454361000e+15
2.247779540367571250e+15
2.248420186956802750e+15
2.248948286371944250e+15
2.249363845727685500e+15
2.249666872109012500e+15
2.249857372576766000e+15
2.249935354173096000e+15
2.249900823926903500e+15
2.249753788859310000e+15
2.249494255989027500e+15
2.249122232337804000e+15
2.248637724935843500e+15
2.248040740827231250e+15
2.247331287075365500e+15
2.246509370768499500e+15
2.245574999025125250e+15
2.244528178999653000e+15
2.243368917887895250e+15
2.242097222932797000e+15
2.240713101430076250e+15
2.239216560734052500e+15
2.237607608263471500e+15
2.235886251507472000e+15
2.234052498031592000e+15
2.232106355483936000e+15
2.230047831601402500e+15
2.227876934216058250e+15
2.225593671261644750e+15
2.223198050780193000e+15
2.220690080928837000e+15
2.218069769986680500e+15
2.215337126361967750e+15
2.212492158599354750e+15
2.209534875387361750e+15
2.206465285566006250e+15
2.203283398134782750e+15
2.199989222260652000e+15
2.196582767286405750e+15
2.193064042739294750e+15
2.189433058339829750e+15
2.185689824010892000e+15
2.181834349887164250e+15
2.177866646324816000e+15
2.173786723911528500e+15
2.169594593476915000e+15
2.165290266103121000e+15
2.160873753136045250e+15
2.156345066196692500e+15
2.151704217193125000e+15
2.146951218332743250e+15
2.142086082135077500e+15
2.137108821444928500e+15
2.132019449446188000e+15
2.126817979676013500e+15
2.121504426039603500e+15
2.116078802825565750e+15
2.110541124721855750e+15
2.104891406832328750e+15
2.099129664693964500e+15
2.093255914294768500e+15
2.087270172092389250e+15
2.081172455033510750e+15
2.074962780573990250e+15
2.068641166699861500e+15
2.062207631949213500e+15
2.055662195434911750e+15
2.049004876868353000e+15
2.042235696584197250e+15
2.035354675566051000e+15
2.028361835473432250e+15
2.021257198669743250e+15
2.014040788251452000e+15
2.006712628078630250e+15
1.999272742806741250e+15
1.991721157919835000e+15
1.984057899765238250e+15
1.976282995589748500e+15
1.968396473577415500e+15
1.960398362889038000e+15
1.952288693703423250e+15
1.944067497260525750e+15
1.935734805906470500e+15
1.927290653140679000e+15
1.918735073665152500e+15
1.910068103435919750e+15
1.901289779717013000e+15
1.892400141136724000e+15
1.883399227746654250e+15
1.874287081083405500e+15
1.865063744233190750e+15
1.855729261899436000e+15
1.846283680473572000e+15
1.836727048109226250e+15
1.827059414799841000e+15
1.817280832459996750e+15
1.807391355010701250e+15
1.797391038468580750e+15
1.787279941039561750e+15
1.777058123216905000e+15
1.766725647884056750e+15
1.756282580422396250e+15
1.745728988824354500e+15
1.735064943811941500e+15
1.724290518961074250e+15
1.713405790832093500e+15
1.702410839106523250e+15
1.691305746730813500e+15
1.680090600066931750e+15
1.668765489050649750e+15
1.657330507357556250e+15
1.645785752577400000e+15
1.634131326397104750e+15
1.622367334793034000e+15
1.610493888232799000e+15
1.598511101887351000e+15
1.586419095853618000e+15
1.574217995388582750e+15
1.561907931155054750e+15
1.549489039480016750e+15
1.536961462626056000e+15
1.524325349076718250e+15
1.511580853836344750e+15
1.498728138745295250e+15
1.485767372811287750e+15
1.472698732557799250e+15
1.459522402390352750e+15
1.446238574981628500e+15
1.432847451676453750e+15
1.419349242917736000e+15
1.405744168694315500e+15
1.392032459012067250e+15
1.378214354389345000e+15
1.364290106378099250e+15
1.350259978112033500e+15
1.336124244883162750e+15
1.321883194748382250e+15
1.307537129167383500e+15
1.293086363673859250e+15
1.278531228581430750e+15
1.263872069726250000e+15
1.249109249248237000e+15
1.234243146412722500e+15
1.219274158474746000e+15
1.204202701588137250e+15
1.189029211761623500e+15
1.173754145864333250e+15
1.158377982683215750e+15
1.142901224034912750e+15
1.127324395934849000e+15
1.111648049826274000e+15
1.095872763872223625e+15
1.079999144313388500e+15
1.064027826895185625e+15
1.047959478367103625e+15
1.031794798057890125e+15
1.015534519529999000e+15
9.991794123169237500e+14
9.827302837472083750e+14
9.661879808589466250e+14
9.495533924086731250e+14
9.328274509788036250e+14
9.160111351876643750e+14
8.991054720063411250e+14
8.821115391867540000e+14
8.650304678050753750e+14
8.478634449251296250e+14
8.306117163859552500e+14
8.132765897180883750e+14
7.958594371929066250e+14
7.783616990092262500e+14
7.607848866216471250e+14
7.431305862145085000e+14
7.254004623255302500e+14
7.075962616228652500e+14
6.897198168390046250e+14
6.717730508647010000e+14
6.537579810056782500e+14
6.356767234044688750e+14
6.175314976290586250e+14
5.993246314295878750e+14
5.810585656634641250e+14
5.627358593886123125e+14
5.443591951233566250e+14
5.259313842707078125e+14
5.074553727034460625e+14
4.889342465050290000e+14
4.703712378600082500e+14
4.517697310858586875e+14
4.331332687962975625e+14
4.144655581842286875e+14
3.957704774101635000e+14
3.770520820794686250e+14
3.583146117892163750e+14
3.395624967225647500e+14
3.208003642660404375e+14
3.020330456276776250e+14
2.832655824784270000e+14
2.645032339962020938e+14
2.457514871618612188e+14
2.270160886008940625e+14
2.083032039347255000e+14
1.896202662238258125e+14
1.709803194288230938e+14
1.524241779862161875e+14
1.341469168349496875e+14
1.174289043269129688e+14
1.138705010918042500e+14
